matriz
filtro
-0.6077224378790475 -1.1175415228575056 -1.1739257730929604 
0.7752072093746193 1.063845641577218 -0.06830388128613742 
1.067489955529146 1.3547338110567462 1.3507731207812708 

filtro
-1.8482371610053099 0.6075726842414815 1.4398435893954262 
2.281413638855055 -0.1463597590166225 -0.7913578409350753 
-2.119598617120116 0.19807990654031268 1.1443878069022302 

filtro
-1.6589828803993185 -0.011456007997572942 -0.7976639271425575 
-0.6203463916682056 -0.17811056399881653 1.812794142129145 
-0.885089327200299 0.8190896509807165 0.529737303450501 

filtro
-1.1171196514239004 1.8406704762892976 -0.7317351268228215 
-0.38807519371823773 -0.5543991876908815 0.14875733740929148 
0.17858338210239405 0.6260055078220805 -0.9402504261379737 

filtro
-0.9423585727656987 -0.0424349756933829 0.31976667455328683 
2.0290182022928156 0.27346256780403927 -1.9448141687804328 
1.0352484016530148 0.5966471066427341 1.3863507251826392 

filtro
0.4203659833926839 0.2775669792104182 0.5788530079438298 
0.6780474147924865 -0.8011659726651098 0.02875203882384328 
-0.8880932102720049 2.148366728890628 0.35702151145915983 

filtro
0.7040288706159207 0.352105503095478 0.12140915063066486 
-0.39453880179091055 0.4681961083542873 -1.0490439040311395 
0.2429009353447862 -1.3916091546134002 1.8718844204348082 

filtro
0.41878220863182725 -0.9281210997296571 -0.5114864639933843 
0.429214824279137 0.09947880251807893 -0.45286158532127424 
-2.102539102471067 0.9243829588024435 1.7761088892727295 

filtro
-0.1662248643607332 0.8824594988243846 -0.16638667688202047 
-0.2146351162859505 -1.0474334967550365 1.1259737348362413 
-0.2528375190896362 0.4397875242720601 -1.0664187733353514 

filtro
-1.1535665266337356 0.5821746553680767 1.9347003068751025 
-1.0206354107398463 -0.12764465948966744 0.6574597899797042 
0.36799548454510406 1.0718309010890834 0.2988382564949195 

filtro
-0.24101095005133735 -0.0726731401210871 -2.0588211760457775 
-0.13211368710866453 0.022017488705473875 -1.9576651211555927 
-1.7835209412952506 0.6361036706675094 -0.7594458689862871 

filtro
-0.9800844315639721 0.6094456435263087 -0.15326252202998483 
0.7878445099257219 -1.1339662887560704 -1.4678029976640512 
-0.5182702054217896 -0.7892077439853651 0.9444005631043232 

filtro
0.18029228412520779 -0.4763333675810568 0.18336809240938404 
-0.07380819457883497 -0.47665353480493494 -0.5072888104975075 
-0.10519202852312484 -0.6655292802793097 -0.9868351383617282 

filtro
-0.6654879839973594 -0.16994323343774673 0.09932220365042067 
-0.19145819497215164 -0.6559074933361043 0.6765544719781509 
-0.6037563493732679 0.5271559369193323 -0.32995222295146825 

filtro
-2.145590296535491 -0.43596514181351453 -0.17389763289368143 
0.4235730419264999 0.3831687957833283 0.7508187361197152 
0.3843727279805947 -0.5306078838299289 -0.19379038047042516 

filtro
-0.1616710636767473 -1.341600546128603 -0.6236930813537668 
0.9383151917860216 -1.0041468472969048 -0.4533221256442438 
-0.9483291031287104 0.027383647171125333 -0.36652134442691864 

filtro
0.0056941895784690996 0.06145511047701413 -0.18655824802565438 
0.2618752176589878 1.5578695556123099 0.25250473006215535 
1.2989058475594573 -1.0142454085291541 1.1130438371732199 

filtro
1.9011336226370608 1.2563588417403941 -0.8547405713273621 
0.9119570661312713 0.8805756779424571 -0.1814696149443918 
-1.9390443890742186 0.4120109795493972 -0.5830562945315 

filtro
0.8185807530252932 1.9245372271937566 -0.3919475147513264 
0.6959989301863562 0.49157774353565226 -0.8051182629227926 
-0.5643884419414155 -0.5072960071377791 0.34897701126064845 

filtro
0.21226569380845298 -1.5824808516687308 1.017801828283819 
-0.6088851221109571 -1.949303482077695 -1.257605948897539 
0.9650222193724997 0.5803658610836291 -1.0716588415989694 

filtro
1.9693465630936602 -0.6935909807855867 1.458727944495003 
-0.6993507264783655 0.8860795363128213 -0.4376841741201031 
0.029973554127571796 -0.37404606887951825 -0.6966573342799911 

filtro
-1.2225918778147626 -1.0579512175244234 -0.5748031956854749 
2.387363242864263 -0.1603802605305323 -1.4692986351507045 
1.7710781925991228 -1.5546455298677617 0.40951708886369564 

filtro
1.6560876649025895 -0.572723298958327 -1.7071493246288543 
0.23630922091579484 0.1399007539552619 -0.8289916665706555 
1.6877447892797792 2.046175936925463 1.039800109731612 

filtro
-1.8553685120830345 0.43314187935578385 -0.20513376218988183 
-1.444370945397532 0.2497073203542599 1.4602295171065491 
-1.0965513074452902 -0.24888341181497578 -1.5285664954972857 

filtro
1.5918262733073134 -0.4426635259218115 -0.23446841235077379 
1.7095096237178706 0.6678009108147852 1.023332255826304 
-1.438172255016793 -0.12009674752246513 -0.15124728036800744 

filtro
-0.03544392642892092 1.7985007760885343 -0.13417950659913241 
0.35244892359216023 -0.003040296146159486 0.8652582844958917 
1.1370466576142952 -0.6756030187984318 -0.6805241821793186 

filtro
0.7650131162832826 -0.9700791249663263 -1.1311324267738252 
0.5992963100419201 -0.638196571067704 -1.0283307899773668 
0.8533257544554566 1.3133707338461933 -1.2330371170042758 

filtro
1.267004273887332 -0.2727549711814352 1.6995407053724512 
-0.7260326896000635 -1.026563943754832 -0.1831714943157499 
-0.9114569368581155 0.8155051488940723 0.43971599078679147 

filtro
1.3570812089888187 2.398080996322611 0.06310808818975758 
0.8156777569564606 -0.32189891699468576 0.8859024111543574 
0.5552410550415456 1.1704307159241467 0.4303139639430454 

filtro
-1.5141202500927773 1.3722335865665392 -0.03846099579614389 
0.7171150826976913 -0.6874784251697394 -0.9654574913461634 
-2.0761022055871563 0.16397519500431795 -1.1991987454489283 

filtro
0.47166490142473816 1.9520784386692944 1.0408380635510102 
0.06040257849207371 0.5377666967711145 1.069474816486519 
0.32005960673755823 1.7770799281667402 0.22071570200187676 

filtro
-0.4927267788501764 0.8057814669868748 0.2918296640648858 
-0.36914408639716756 -1.218412445882716 -1.3055705764740788 
1.7304639236639172 0.8545901083661454 1.5133241985101593 

