X
Y
Z
1.280433071845449 -0.35274109278429433 0.6078536344150235 1.3579976774296585 1.2570956513471623 0.21973900443182873 2.052115988078502 -1.7324281476362977 -1.3092451167479724 -1.485344811210701 1.9777395849911965 -0.04917898387304044 0.234157627703486 -0.018508495916582872 -1.8067433368264294 0.6858608107157763 -1.2811386138334733 -0.07902309513745072 0.4721660789930857 1.982809724518784 -1.2433052332653327 -1.324306900817433 -0.251999049552774 1.196681148829803 -0.2329715844235378 1.641908403522455 0.7380799522594915 0.054601750584912 1.0982095503916731 -0.40082940393980404 0.826736472382591 0.837426702771698 
Z
1.2308952902706136 -1.356197558412677 1.0566545521601254 -1.5184786686361378 -0.061413745423023254 0.9595624921195806 1.0083759778085368 0.4752949194342968 0.036466294129409486 -0.4041297204545703 -0.13934588959566643 0.0188224743010119 -0.15196772963807686 -0.9770304273432345 -0.9690264661559536 1.0161601820478183 0.44643852268164724 -0.3001724906880593 -1.4467166452833387 -0.7992661228397345 0.8815248103756539 0.00481270885620529 -0.5809203568477261 -0.15677732368265843 1.2000932886238236 0.4921089866126308 -0.9290410025107522 -2.3267370139820867 0.2865196236799185 0.7811366383939565 0.904751975686095 1.9459243231127794 
Z
-0.5555034106335196 -0.15647945601025992 -0.46031471870677215 -1.8649921686885103 -0.9089235483692379 -1.920984912986788 0.8317059961693116 1.2232063255104384 -0.31369127479965886 -0.4772093503773555 0.6444096606262013 -2.689270008419952 -0.38162473967070193 0.17773617477694154 0.4783233387136435 -0.8556847645395512 -0.35880485637584403 0.9377574581278572 0.3517449890534534 -0.35543557853979424 0.04510659487520634 -1.0933111495122891 -0.7107754975933126 -1.9156699960485746 -1.1815378639653877 -0.7989710805614528 0.14264147753439013 -1.796193344737262 0.6618552470604347 0.9066829421282134 0.9970688474600206 0.31190365776177387 

Y
Z
0.1735549607257138 0.7703558983506799 2.524208072177341 -1.1330594034542296 -0.29957237373784723 -0.6996277198467502 0.9806132760933131 0.569767322714573 -0.9612658666834859 -0.07647728582165844 -0.18522297864629841 0.2866994238418417 -1.7264683461991381 -0.13434991403158353 -0.336236065154969 2.7496684492772387 -0.3446753572377747 -0.9231643340302628 0.6472081994839907 0.6382712898239167 -2.483743845743772 -0.5163637873892338 -0.731794971599311 0.8650326676893252 -1.0992799286149815 -1.336239541948597 -0.3375905459320558 -0.7299250891762119 0.17437687680137764 -0.6995766652456382 1.6057590293467936 0.5671121319866695 
Z
-2.0106983760685138 -0.6247345474997924 -0.4772752506136643 1.1353553595201673 -0.05457940807874082 -0.9561500060225462 -0.9611805695689641 -0.9190515264691301 -0.9479356811972509 -0.005098373490922233 -0.9671542007726154 0.16880646630132545 0.5725746814169359 0.6854614059340217 -0.10277165391323571 -1.511694052131039 0.5335119599118514 0.10929694802747754 0.5995969148608025 -0.9824977129057242 0.027692241743385047 -0.7977257915602005 -0.6955939586101919 1.0827918833672796 0.4516935971392785 0.36013800087461556 -0.8517115811484213 0.801075696840871 -0.9635925729720096 0.2286831528711108 -0.16563071545549748 -2.7523632194164067 
Z
0.982823837794563 0.5349642090019463 0.0492179691703348 -0.6414476573574368 0.0279279336178553 -0.3889840106848506 0.46585052825046513 -0.786215812844911 -1.6996646815634147 0.9304162942403632 -0.7690101964451785 0.5473320611713912 0.9020516171537419 0.3981478037528348 -1.4967092207993213 -1.0330411962241823 0.8690843561383433 -0.7315325686450507 -0.8361555460475972 -0.7185411465258041 -1.2508126997180986 -1.2130686002920708 -0.5360390711584166 0.3369942863568434 -0.02339845414996617 0.01915038325203384 0.28748935353849914 -0.06622795726446672 1.3234346447164858 1.051032476016233 1.1546873221549334 0.8249674992434032 

Y
Z
1.5639883655539562 -1.0932220567413544 -1.6194153663860216 -0.7802178231634962 -0.7946730007606749 0.8374459538317113 -0.40201605964103504 1.266286332278726 -2.6954259809918955 0.2930151305316717 -0.024348534708014652 0.0421505532985272 -0.5684765822842789 1.7485436376159003 0.606048311817973 1.6273465487273153 0.16592318714944276 -1.9856770534204335 0.5567917380474291 -0.05002857755636381 0.1729272489734792 1.3631296431801898 0.4851567162605052 0.9412942007217876 0.8530712354810096 -1.4715260551600915 -0.9447971814512995 0.017740125380505196 -0.6181589508692436 -0.6955628074560267 -0.0967873067070293 -1.81138839066548 
Z
-0.4822719174448922 -1.7887032016842923 1.5159452302671081 1.3432989085689415 0.04493509777202292 0.24064844935978227 0.07707008984516509 -0.6458253703119458 0.1604970825005668 0.14954952858610393 1.4561914063123613 1.272421924108971 -1.0290428981972424 0.37358886010326886 -1.2761003917781089 -1.3204732656711504 -0.6864617851650163 0.7429654784509392 -0.22837399702858943 1.206093898608938 1.453833196692641 -0.6056011996007047 -0.8931278487221979 0.18228594270675236 -0.3978808797947578 1.49383997433755 1.1351326092981902 -0.6472823950054117 -1.0810573930525678 -1.6948423121142946 -0.36365001561497057 0.7958158114106735 
Z
0.6981705796418757 0.5185004993553568 -0.3541734314713766 0.025742603495926022 -0.014260839455249256 0.43570604196693347 -1.2565712380833862 1.9125194910728196 -0.7254650705087683 0.5689434546520766 -0.850275981706877 0.7876416164727387 2.5018798857701716 -1.8442536320216896 -1.1876460025477165 -1.290092494997177 -2.1781978971651004 -0.24924940719374664 -0.08729318513307358 1.02470959069434 -0.014024733573562957 -0.7537225056543267 -1.1931410438510048 0.5106889785703349 -0.6326502544585934 -1.301642590869476 0.9010039387223141 0.5064725002815735 -0.29196485775158415 1.7672324405147408 0.8366786810654209 0.24804635714305726 

X
Y
Z
0.5811978934890538 -0.167622865650654 0.900116865774315 -1.3813279695546867 2.441521956782896 0.09450177143956714 0.08666771749031325 -0.5954515379032294 -0.022933930565215782 -0.8981754644971167 -0.5429018843823844 -0.3817759919011344 0.39977659557838713 -0.7672439622872544 -0.5804592842949384 0.03414638293202304 0.3271096351132439 1.3265988967451474 -1.9407564758494573 -0.9504947137859118 -1.7124331408046232 0.12698697614518772 0.8683424322197699 1.4222343032468103 0.05607145248688049 -0.2307110265609103 -0.7945884126150351 0.6438387938341369 1.5955363843827925 0.26350127063232837 -0.8557894113845556 -0.47675198984544764 
Z
1.0984570021533626 0.3218551870221429 0.4481124323830181 -1.6280916975824429 -0.3689976070488021 0.23459456393383263 0.6846434136348887 -1.1160858143776706 1.3315003232182365 -0.379931639038411 -2.2554871939213976 0.13746022693819143 0.3562351877026498 -1.0669486110389297 0.12086246755517263 0.4201666750332582 0.5810655657288474 -1.0272505438497155 0.15081394289960687 -1.1322380126959348 1.5233301763848257 1.3822024716504262 0.8006324235591744 0.9162157618029468 -0.7359759652055039 0.01637756779488243 0.6229814763467266 -1.1656622616276442 -0.5536890053402064 0.989537674310646 -0.31736331597325806 1.1681451322609897 
Z
0.337514437134134 -0.953067775304272 0.5196712186482882 0.3141643158922417 0.22466180202896766 1.1861684031577664 -1.2277544125816577 -2.3882441502875587 0.7755996078846519 -0.434222379987586 1.7606332768585684 2.6007158817343825 -0.9897748835986648 -0.5110433568516475 0.7244338437569436 0.2999292605610741 0.4651132513892062 0.22008489504826148 -0.356175604989799 -0.996091871779979 1.541227771767039 -1.2304468047113593 -1.569549077147902 0.4310307856302643 1.4124491668004884 2.156492962419093 0.13144111763908775 0.046795932878340295 1.1208899064650768 -0.35772093914270386 1.484592377569754 0.4370616688353932 

Y
Z
-1.6889747756856301 0.315219815718727 -0.530287453387158 0.6820964811027427 -0.8180852505213693 -0.08411014323994115 -0.2012256124749971 -0.48028554458676914 0.06123312318941763 2.0144167998313423 -0.22151562813828565 -0.3697212285463827 -0.2943726348461794 -0.608990497372048 1.4241196916576266 -0.1550151064347357 0.010216601057068312 -0.09128613335609947 -1.3351266524806291 -1.0558633217835838 -0.8307581483262868 -0.12724177861425656 0.5572001590664513 2.383335507239016 -0.7535302775611635 0.6837174502028076 -1.0368905867336902 2.407407370849225 -0.43885785487953766 0.3424113505377835 -0.3349662172716048 -0.8483352791302083 
Z
0.4114882017250224 1.363204552730757 -0.5800771950286951 -0.6026612553556537 -0.8345792725341151 1.1091497625499187 0.43957882731794706 0.1573014639006361 0.907533154541505 -0.9712922632507686 1.021754422562667 -1.5570916996098083 -3.5655741389701014 1.1503056454310836 1.0068456232220286 -0.31480290891708257 -0.624029211599664 -0.0010437733111520679 0.4086769947988498 -0.5839961908418104 -0.10351394915329969 -1.7778959621020045 0.9475236879729323 -0.9330662747215511 0.12338414407589574 0.8115742277424292 0.7859938070842407 -0.6108124269729912 -0.6531016810208564 -0.4461679688805894 0.10158546402889064 1.087912333103691 
Z
1.1705237257843604 0.22916106849235127 -0.1279370533972228 0.6920656045355618 0.4015037941733707 -1.7397368178524033 -0.7159344901049504 0.2320667858203933 0.6060459807160052 -1.1375010995425061 -0.6315679248987548 -0.008147637618109245 -0.1851855177175274 0.1114225739523934 0.40773467845481176 -0.818984966271016 -0.048497864755725595 0.8863848717880831 -1.1683097505217144 -0.1223906682500816 -0.11694848182095458 -0.5565733220988958 0.37263869218706924 0.8737315876610849 -2.7045741694933647 -1.3234130180318453 -0.9175160903807613 0.46551418040586456 -0.06017275010805252 0.9228263788341254 -0.883143466085012 1.679002750377735 

Y
Z
0.631910263310944 0.3639034383761494 -1.2131360649724983 -1.244035214066419 -0.837762610514227 1.2897306254062681 -1.913538228190407 -1.677188208328613 -0.8355267150286511 -1.7015641798992813 0.6873987971556236 1.0762393688188285 -0.6586969737355014 0.5420855667044983 -0.6471273426529086 1.6640987371898166 -0.6910301040988309 0.7522101526129485 0.46800408155953405 -1.4468279643026993 -0.521708658330493 -1.33929119054489 -0.6025420895544749 1.5512544366677452 -0.00978731174525234 0.1883188670104571 0.6711242076944463 -0.11914653396802845 -0.7852112377597328 -1.4673413644050939 -0.9056825736978145 -0.10314743753233407 
Z
-2.129080040128611 2.022119100322436 2.595584800845914 -0.7990076051295684 -1.2849211195330397 0.6824245790726875 -0.5253133507859264 0.6838574880887345 -1.3996949517083548 0.5971357838438691 0.2749268883789647 1.8323197507009015 0.3870143893782803 -0.6245139162364531 2.0005390455709473 -2.430506919095128 0.6957431571059105 0.3327039267716483 0.2252720221567229 -0.7199192093272014 1.5751532965584063 -0.7495810811133713 0.049463685303460646 1.3013311518202086 -0.543267581606338 -0.8783650142958932 0.3487103728983038 -0.9202997277793077 0.7456787060945058 0.1255229733150783 2.284901416584264 1.292604391318868 
Z
-1.8304419335439217 0.026971267948049715 0.551544105923862 -0.7760478811303181 -0.8671399326997806 0.4689040957022355 0.9205643742460946 0.3959046428052168 -2.1440275621552516 0.013317051465137212 0.3303400607492965 -0.07621022664594627 -1.0158672194796767 -0.39935047107084537 0.3458723791537952 -0.261212911073319 0.30080191003757434 -0.09597493617488634 -1.9736374158587089 -0.5419543161432219 1.8482218786633038 1.1509284883210866 0.7724612864315691 -1.7765331358503236 0.9982985031502989 2.907187559706413 1.1234669406760172 1.2075521375549159 0.772186103566128 0.28653862284672776 -1.012443526398164 1.665130697179354 

X
Y
Z
0.31056367750025404 0.06124572949344546 -0.3036710368744633 -0.5619069200627109 0.15570805410435448 0.07269322562753137 0.2713566718305303 -0.4791037926462377 1.318404646723666 -0.28130133067387336 -1.0542409262387942 -0.4135678510062704 -0.39193825902864843 -0.9396847214159206 -0.8903865251224743 -0.06384778005821039 0.2739193761357128 -1.1079418002070833 -0.24334138120885654 -0.05037631125853794 0.5932748138383702 0.3690445389367319 -0.8518838956546764 -0.26541659331456063 1.2280749055588676 -0.4139192406003265 0.8794814522047316 1.7969071697745465 1.6061956088535727 -0.780197641167411 -0.4152578070693802 0.6365863192883784 
Z
0.7876834578514064 0.602906479117084 1.1062473384534228 1.0981041726771144 -0.7513688235023745 -0.20132983847194313 -0.30616850933981715 0.21581864234884843 -1.1493971111949937 -0.5417120225105845 -0.9939324569438036 -0.24628346870995527 -0.13903479957975737 0.17739809342836746 0.7652915242383354 0.3216127599016136 -0.33742972016517575 -1.6897510797260704 -0.15585949648442313 0.046138834780841256 -2.086706387615146 0.7815371205743268 0.6015479755864742 -0.050919152644781106 0.19745591734451443 0.8612370092055284 -0.5044003547884175 -1.2924574265803634 -0.5904875433908182 0.757068956810239 0.07712125724788538 0.47731973400945665 
Z
-1.5119360503008565 0.5656178990874318 0.05378311923518958 -0.11391252271301122 -0.17066066265507537 -0.31347537616583887 0.17214893296246003 0.40632418609500187 2.141477474991905 -2.4514258511651206 0.8162964610955368 -1.9149319136390308 0.6324189589028464 -0.16397053401947453 0.8919129247989848 -0.36466024897715404 -0.07970221911141266 -1.1213167344567234 -0.056815548023161404 -2.359006338506345 0.3922740317222752 -1.2054664455634756 -0.42976214661747475 -1.3500655719482701 -0.41862203993700403 -0.15807410513150705 -1.7694809255759092 1.6486991113872589 0.17664906035023017 -0.10924643013444217 0.43831440639058183 -0.8767951455264956 

Y
Z
1.0190204932051794 -0.9669552223979019 0.6360958076353941 1.066080762042895 0.8658926401681591 -1.8376592648517225 -0.06535371386969609 -0.5192388586924636 -0.5883257469466405 0.2256166210440563 0.7079673002052673 -0.5558238986818189 2.0650199276083514 -0.41705297564189625 1.002737168589776 1.4797058339551892 -0.8498539450300137 0.9271616958511626 0.08295774091905729 0.3856298897601448 1.5704720667343621 -0.7493530423218613 -0.19917527729858228 1.5376545952871945 -0.8186614048600475 1.918937540945676 0.5760196519519615 0.5767292346866418 1.079362589778718 0.6647299249892437 -1.4872127729636164 1.2828881612180711 
Z
1.0001676682062093 0.06486332467029828 -0.9847712224375955 -0.2830416692247937 -1.6775605425089408 -0.36651072608516244 -0.577820415383293 1.1557529723465088 -0.8428689460215902 0.7609956770621878 -0.1636043604345023 0.00388873321858164 -0.7789907411796073 0.6532913473357165 0.45415316656226407 0.4494215980870062 0.13160985771634925 -0.20096070466169783 -0.5607126212715222 -0.3843539504181575 1.2505367807323895 -0.22739419414465184 0.6460511997546587 -0.01446052189758903 1.0859797926819963 -0.568945809647855 1.2791825089932085 0.5536254384461606 1.3572586853378417 -0.049020804995008695 0.13995279019044668 -0.38876711895329635 
Z
0.54316188756017 -0.14549354114227248 1.3615683940828298 0.02928700180910831 0.4611530778467734 -0.8259602310657729 -1.4805382130935842 -1.4514963542066321 0.4511873511735454 2.0453515983818473 -0.3235986759411314 -0.32893013009245375 -0.633902465647463 -1.2452431305195695 0.0472417590359407 -1.074794347248298 1.952105603242878 2.078470387566938 0.24545952927659162 0.7271502242616494 -0.8511057239316835 -0.3683162893212579 1.7062051724287612 1.1538833408717482 -0.3633845186920032 -0.4014091771990087 0.624136226229446 -0.8104687825681791 0.5444278409822729 1.2868123719450015 -1.4866983851553222 0.486597719313297 

Y
Z
0.6779621726602441 -0.34081279388140223 0.5819200049492519 -0.37190787482479887 -1.1087658624330647 -0.01299822342280019 0.5288606035504184 0.6646707203576074 -1.3978536993835822 0.039170214820832064 0.2431804816756078 0.2907656223156333 -0.507667380841763 -1.0912294863331757 -1.0167681884484112 -1.2891701698508002 -0.11866083504040023 -0.11733014491565812 0.06267915875038368 1.309747200789403 -1.4396124859967698 -1.5796117030633503 -0.41526475602638924 -0.431004377509077 1.0380034718465578 0.5702063807020402 -1.7488550571793642 2.052362855577655 0.13830562327442095 0.5196524535407223 -0.37720078613249464 -0.6433641459941222 
Z
-2.109826941439541 -0.6628352032455141 2.1526187326275408 1.2786981230679133 0.7060578351224016 -0.6756974589382834 0.7256250446032686 0.7003362974230346 1.6535825167810814 -1.2309631583234575 -0.9784686161279395 -1.5704159496482581 0.1439850662304977 -0.37642024297986404 -0.6005733665477704 -1.22187460670108 -0.7217074832559048 0.696856962554739 -0.8329654869834232 -0.9487024705276746 -0.15732785415807352 -1.471293053441079 0.8791052352369595 -0.6209319688269553 1.1394648362714583 1.0586187023014604 -0.7695714194423963 0.21698435993455994 0.2618064117946935 0.21381122782863304 -0.19152630167271303 -0.1446270415945794 
Z
2.0199765979748685 -1.272906838455206 -1.2103353929763279 -0.9404799430359686 -0.0333830657793919 0.1541658950071379 -2.445746659317145 0.03822412263533202 0.5279740599748883 -0.4346439490611249 0.07756359328849714 -0.6551656916087658 0.28242953704812057 -0.19951407946104863 0.657311162559772 -0.38825582928417435 2.8777679959939824 0.19179968941484876 0.7530712942222685 -0.6169568714773874 1.867896935397748 -1.249067153321162 0.808067476111443 0.7579666337476745 0.18756579154112654 -0.15786854544437426 0.22764498632324207 0.8256835338912737 0.5469246278837548 0.3992736664080573 1.5235082268297113 0.27363596018437675 

